
32 2041 516 3 128 -1 0 32
33 0 645 14 128 8 0 29
34 1522 516 32 128 4 0 40
35 775 258 62 128 0 0 63
36 1016 387 55 128 3 0 63
37 515 0 89 128 6 0 101
38 1079 129 70 128 4 0 76
39 15 645 13 128 4 0 22
40 1748 516 28 128 6 0 38
41 1718 516 29 128 6 0 38
42 1017 516 38 128 3 0 44
43 1767 258 56 128 6 0 67
44 71 645 13 128 9 0 32
45 1588 516 32 128 3 0 38
46 29 645 13 128 10 0 32
47 2012 0 34 128 -1 0 32
48 1406 387 54 128 4 0 63
49 1686 516 31 128 12 0 63
50 1240 387 55 128 3 0 63
51 792 387 55 128 4 0 63
52 1250 258 57 128 1 0 63
53 736 387 55 128 4 0 63
54 512 387 55 128 4 0 63
55 1296 387 54 128 5 0 63
56 1072 387 55 128 4 0 63
57 848 387 55 128 4 0 63
58 43 645 13 128 10 0 32
59 57 645 13 128 9 0 32
60 1128 387 55 128 6 0 67
61 624 387 55 128 6 0 67
62 904 387 55 128 6 0 67
63 1461 387 54 128 4 0 63
64 219 0 106 128 6 0 116
65 316 129 78 128 -1 0 76
66 711 258 63 128 8 0 76
67 1005 129 73 128 5 0 82
68 1150 129 69 128 8 0 82
69 391 258 63 128 8 0 76
70 342 387 56 128 9 0 70
71 395 129 78 128 5 0 89
72 1629 129 66 128 8 0 82
73 98 645 12 128 10 0 32
74 970 516 46 128 3 0 57
75 1220 129 68 128 8 0 76
76 160 516 52 128 8 0 63
77 1774 0 79 128 8 0 95
78 66 258 65 128 8 0 82
79 1612 0 80 128 5 0 89
80 132 258 64 128 8 0 76
81 1206 0 81 128 4 0 89
82 931 129 73 128 8 0 82
83 1427 129 67 128 4 0 76
84 1562 129 66 128 3 0 71
85 1763 129 66 128 8 0 82
86 630 129 76 128 0 0 76
87 110 0 108 128 1 0 110
88 553 129 76 128 0 0 77
89 782 129 74 128 0 0 75
90 1696 129 66 128 2 0 70
91 1829 516 24 128 7 0 32
92 1317 516 34 128 -1 0 32
93 1854 516 23 128 2 0 32
94 821 516 49 128 2 0 53
95 1358 129 68 128 -3 0 63
96 1993 516 21 128 5 0 38
97 1539 258 56 128 3 0 63
98 1995 258 52 128 7 0 63
99 0 516 53 128 4 0 57
100 1952 387 53 128 3 0 63
101 1596 258 56 128 3 0 63
102 1133 516 37 128 0 0 32
103 1898 387 53 128 3 0 63
104 771 516 49 128 7 0 63
105 136 645 11 128 7 0 25
106 1804 516 24 128 -6 0 25
107 315 516 50 128 7 0 57
108 85 645 12 128 6 0 25
109 959 0 82 128 7 0 95
110 621 516 49 128 7 0 63
111 1308 258 57 128 3 0 63
112 107 516 52 128 7 0 63
113 1736 387 53 128 3 0 63
114 1386 516 33 128 7 0 38
115 570 516 50 128 3 0 57
116 1654 516 31 128 1 0 32
117 264 516 50 128 6 0 63
118 680 387 55 128 1 0 57
119 1124 0 81 128 0 0 81
120 1824 258 56 128 0 0 56
121 1516 387 54 128 1 0 55
122 1571 387 54 128 1 0 57
123 1282 516 34 128 2 0 38
124 148 645 11 128 9 0 29
125 1352 516 33 128 2 0 38
126 958 258 59 128 4 0 67
160 2037 516 3 128 -1 0 32
161 2031 129 15 128 11 0 35
162 1844 387 53 128 5 0 63
163 838 258 59 128 1 0 63
164 960 387 55 128 4 0 63
165 197 258 64 128 -1 0 63
166 124 645 11 128 9 0 29
167 568 387 55 128 4 0 63
168 1621 516 32 128 3 0 38
169 785 0 86 128 -1 0 84
170 1056 516 38 128 2 0 42
171 921 516 48 128 7 0 63
172 456 387 55 128 6 0 67
173 1555 516 32 128 3 0 38
174 872 0 86 128 -1 0 84
175 1289 129 68 128 -3 0 63
176 1488 516 33 128 6 0 46
177 0 387 56 128 3 0 63
178 1245 516 36 128 1 0 38
179 1208 516 36 128 1 0 38
180 2015 516 21 128 12 0 38
181 213 516 50 128 8 0 66
182 327 258 63 128 -1 0 61
183 111 645 12 128 13 0 38
184 1777 516 26 128 5 0 38
185 1878 516 22 128 5 0 38
186 2006 387 38 128 2 0 42
187 671 516 49 128 7 0 63
188 605 0 89 128 5 0 95
189 695 0 89 128 5 0 95
190 421 0 93 128 1 0 95
191 1351 387 54 128 8 0 70
192 474 129 78 128 -1 0 76
193 1933 0 78 128 -1 0 76
194 0 129 78 128 -1 0 76
195 79 129 78 128 -1 0 76
196 158 129 78 128 -1 0 76
197 237 129 78 128 -1 0 76
198 0 0 109 128 0 0 114
199 857 129 73 128 5 0 82
200 647 258 63 128 8 0 76
201 583 258 63 128 8 0 76
202 519 258 63 128 8 0 76
203 455 258 63 128 8 0 76
204 1901 516 22 128 3 0 32
205 1924 516 22 128 7 0 32
206 1171 516 36 128 -2 0 32
207 1420 516 33 128 -1 0 32
208 1854 0 78 128 -1 0 82
209 0 258 65 128 8 0 82
210 1531 0 80 128 5 0 89
211 1693 0 80 128 5 0 89
212 1450 0 80 128 5 0 89
213 1369 0 80 128 5 0 89
214 1288 0 80 128 5 0 89
215 721 516 49 128 9 0 67
216 1042 0 81 128 4 0 89
217 1495 129 66 128 8 0 82
218 1964 129 66 128 8 0 82
219 1897 129 66 128 8 0 82
220 1830 129 66 128 8 0 82
221 707 129 74 128 0 0 76
222 262 258 64 128 8 0 76
223 898 258 59 128 8 0 70
224 285 387 56 128 3 0 63
225 1482 258 56 128 3 0 63
226 1881 258 56 128 3 0 63
227 1938 258 56 128 3 0 63
228 399 387 56 128 3 0 63
229 57 387 56 128 3 0 63
230 326 0 94 128 3 0 101
231 1790 387 53 128 4 0 57
232 1653 258 56 128 3 0 63
233 114 387 56 128 3 0 63
234 171 387 56 128 3 0 63
235 228 387 56 128 3 0 63
236 1947 516 22 128 2 0 32
237 1970 516 22 128 10 0 32
238 1095 516 37 128 -2 0 32
239 1454 516 33 128 0 0 32
240 1710 258 56 128 3 0 63
241 871 516 49 128 7 0 63
242 1192 258 57 128 3 0 63
243 1076 258 57 128 3 0 63
244 1018 258 57 128 3 0 63
245 1366 258 57 128 3 0 63
246 1424 258 57 128 3 0 63
247 1184 387 55 128 4 0 63
248 1134 258 57 128 7 0 70
249 519 516 50 128 6 0 63
250 468 516 50 128 6 0 63
251 417 516 50 128 6 0 63
252 366 516 50 128 6 0 63
253 1626 387 54 128 1 0 57
254 54 516 52 128 7 0 63
255 1681 387 54 128 1 0 57
-1